124526
534529
675740
922855
863314
649231
504602
330891
762693
274192
508602
910655
991357
545292
783608
252602
508813
56163
946410
953856
962475
569121
569042
997581
764492
190458
500371
737754
276331
343394
937601
274318
572073
748811
318865
928516
672527
185532
124591
584501
623343
685643
456751
698114
285928
414647
496411
390881
180423
361636
989803
946529
402506
152115
516690
50395
568513
913917
933173
599351
585742
736237
421559
732824
289675
673911
908399
802853
713738
39289
575483
914677
769975
669036
183150
107542
351386
759815
374180
507579
232185
136688
675383
659711
585755
757855
139850
240026
115814
372498
450626
578399
616746
308583
788757
858607
990007
386201
811834
683070
91176
913177
429440
483455
127875
157128
843579
692975
513848
718543
922457
949883
99847
292380
263954
673999
862591
835001
741118
207549
344417
690506
828928
687366
832291
793443
46688
306951
52176
716996
4855
269186
336844
553010
836035
925768
383286
671795
103130
346177
744230
955365
746044
970776
415190
1083
504961
253893
894684
368533
973937
266296
17813
617147
5874
545759
19422
157047
618588
982740
738748
320012
641193
663206
728027
609174
127880
633666
475508
896511
456720
651263
612487
588507
960593
557315
14600
412961
74695
662356
967574
965511
652648
385663
549926
124089
69213
746271
910718
191541
562701
980554
365918
566982
925460
819998
193913
960474
107026
2531
124768
476290
837088
381149
946304
756487
236766
914545
157250
358947
351912
474353
90320
659683
532455
680774
475128
748567
501507
338681
184873
232754
393142
175198
135961
235269
63484
449821
749385
758547
531943
570398
392416
81232
801166
655632
190772
180667
415013
536151
439976
265685
560105
762000
617135
954748
906162
476866
115823
874793
227114
937506
784448
293891
989468
433410
922835
539997
195494
597976
517936
229011
416073
439399
178775
148476
487583
535628
54280
400204
949164
734503
372702
834953
763532
696932
590679
782696
72716
297765
411439
859012
432021
751182
194537
644410
944324
221292
236399
892771
890453
545283
699985
382511
363453
204786
916841
985882
250646
599173
822687
519310
273461
888279
748681
320597
844375
573346
836266
537273
491706
847333
716059
511099
316617
529328
875080
288492
450735
153039
754257
521258
427021
483793
712080
96955
330374
649716
458362
423295
901943
920878
476062
594197
63812
116762
609867
922765
719182
731902
97871
571589
38593
176629
502745
419810
490505
784382
817600
52205
823716
484447
868701
397127
897298
62391
755154
240458
940458
398559
384686
923646
726535
163964
473705
532341
971551
671717
7114
590340
503731
838891
925032
803550
331426
549705
938380
249038
365657
382249
673846
472145
365285
547729
350327
377677
999081
576808
70011
387506
160363
434089
444585
757996
172168
944931
825379
245890
87880
239594
388200
711758
498956
262494
699673
236377
191012
109589
299801
197842
158909
923688
525197
776427
478264
614743
608514
335697
552789
29530
40110
353798
979854
991429
286031
542300
116864
925270
347184
88463
44356
412254
198922
697664
157981
124426
832071
103306
590793
857358
358562
111363
376442
174573
289386
183505
607135
283303
486820
339494
321371
997630
530640
677145
99671
250471
27524
903522
554803
143114
687285
225970
360407
715190
759189
131821
259752
448677
645782
927365
805591
300582
123340
624692
522067
25261
88112
809686
329566
161075
655232
853856
554877
788747
656644
433409
525641
117635
927148
507475
631651
6515
85334
290814
197957
157093
737707
133994
129203
567392
948073
270750
82767
382163
936507
473978
607628
662363
415492
894477
954875
621617
53690
122004
321665
241459
140271
514832
170602
675277
87404
732354
261718
75716
770934
322950
108369
951391
385330
938249
64001
140210
191204
235753
479544
660296
26451
487656
534378
236908
816457
634635
142328
956116
514230
921301
949802
559083
195188
210715
911612
105978
545190
89540
29135
23410
292025
674207
121088
628312
432396
68769
840534
332621
868268
302457
673685
285177
865016
515986
243759
195860
620708
819685
510042
982800
238169
565368
418621
173414
967416
799542
105924
964348
561087
2668
121811
900336
867845
617694
242838
417028
810143
731076
812023
156838
114341
434340
38441
194138
980686
622477
673761
724486
382840
527085
910885
535706
648133
730896
860477
609178
19679
476149
594949
923721
261083
588686
196580
448051
606395
338709
880279
567384
356238
415238
183975
488048
895026
840765
76409
554463
675002
893484
33732
204919
927082
782392
953693
541924
29727
596273
816430
509240
888524
675884
101573
772244
346782
993407
597256
396911
360961
310617
607815
261830
893436
616379
947178
759520
334904
236311
732105
6397
31198
764419
917466
334619
385630
631898
485829
331044
933579
772208
314708
13367
70499
282863
246278
367505
903341
147283
151043
262168
902075
888702
440617
114116
939535
832568
242756
784042
960410
560775
448989
121127
407839
29543
669353
908197
488759
147559
608482
598477
628653
511456
637683
297737
760969
784274
342157
422324
46954
526620
219735
445409
826636
870744
969154
741829
725034
32849
162746
737858
690173
843169
752376
593552
257378
466476
137844
546570
364889
491571
169656
666387
21609
325013
813520
631523
374818
243369
325086
281778
768187
949488
394698
128447
586265
759226
319062
409341
678577
598872
819215
336347
485060
428282
929631
780846
913353
529828
649280
122174
461609
331473
953419
300394
790948
230244
508911
496120
917905
283911
44541
916925
131202
278947
864863
243621
350917
506618
136041
679200
350919
671268
881607
623146
229332
896292
268950
426740
153466
274022
852688
327732
107467
347607
117919
340230
536256
954529
384850
90621
591354
860610
42413
942475
636132
742728
559322
301960
606197
445931
396094
715682
421138
838790
415335
532770
75280
344948
493537
149847
763991
181699
883048
228513
711074
509336
525879
402524
429666
836255
17023
161574
148482
459244
306931
400207
453702
94835
381184
428572
906061
638944
659034
596792
977845
944788
155890
419512
313309
783037
656260
117705
880069
352145
813772
474489
953810
509031
676696
397534
176751
648626
828281
539110
262541
213594
63635
82685
273930
360889
117908
510613
457328
573231
212737
278421
333588
621986
600556
523360
509279
115349
778754
713792
843689
144356
394945
143151
168897
964825
145478
150722
185289
55406
422212
448307
869118
935712
345233
491913
125206
72557
155482
716006
794178
113322
111607
952492
826835
846467
470233
755021
167289
879183
303840
677679
837542
983886
113481
144120
844880
813827
41925
289211
723350
54888
543269
788542
101114
964883
245680
985447
258380
471267
254615
124739
447976
382438
654848
704435
993622
448907
152382
450676
757839
899390
619426
623689
487519
722470
637163
156295
184678
408695
525208
265789
317944
572148
921630
410110
845540
511685
534902
459340
386770
135600
65357
698210
929093
898359
209887
531934
243137
997838
834206
674761
206022
564152
68684
392452
241082
808573
933416
872082
821732
255626
822340
582396
397716
457765
162869
456933
114913
788043
179749
800298
703755
257831
285507
812085
965695
574449
475609
564895
1080
198717
583679
745090
437519
646177
35668
328729
781801
870086
61578
591729
168272
786189
216557
503247
732943
136814
771943
236692
181432
487233
292919
125466
278749
139194
192625
956407
556584
672498
326571
709791
830040
327392
631883
779110
688920
794726
535659
403234
676350
392840
492902
945070
801437
989687
280002
545164
175687
927564
270458
439074
149666
55888
828838
311077
40805
335736
416521
549139
957936
107182
516023
910618
531398
133002
806177
561942
179560
175647
485183
180216
264654
831730
254232
931266
247876
326982
298481
48110
153376
86483
990672
476846
676188
316692
652715
973583
463060
381375
814194
244471
717085
663888
348086
699405
890559
999039
87924
336247
914833
154192
756738
985406
144688
137225
317525
405839
80283
667133
272813
736859
345454
675271
948637
849821
995001
496595
681210
870075
669053
953046
387552
798150
615618
604893
127260
100700
637208
465667
557945
485037
768104
872829
132138
139738
347317
827151
118417
645625
776501
531105
263018
330293
647110
964844
801175
544979
294351
459023
653128
180623
636468
141374
131206
811685
288245
461402
633821
978603
733476
122267
631204
397979
406977
294441
601450
185711
492979
346762
796031
735653
138981
821302
949916
292002
512123
989703
313264
822131
271792
195916
689031
50286
848782
75837
949913
703799
326984
651656
809261
866334
587831
513802
32296
481062
7279
996889
909622
696865
730046
139710
416276
76983
228289
959936
72631
788741
25762
790811
535260
621409
118961
164048
132973
937980
821534
131734
430413
608353
606801
58670
835712
201626
549798
835540
868026
430065
365768
937489
321539
666900
575337
615790
18563
790034
258139
308867
359920
89154
736974
866797
366352
785346
357735
43933
418157
677533
826809
904845
209493
914758
410978
113166
416587
578945
2180
27134
891726
483873
538911
354389
347331
645420
569032
862302
417089
16858
259208
285698
821049
686716
384148
993535
344192
648058
655140
88312
149307
443701
910577
702503
614694
604043
6864
607214
257
440248
701414
204106
864663
105113
527559
317736
940844
936972
478896
219474
54466
53492
482460
343106
112264
313881
380166
153943
722656
922668
358845
893221
790731
750504
977437
63975
581108
227411
439599
529423
270358
619044
231775
70462
723658
542526
487702
221520
109296
899546
83150
962746
832196
87595
677127
746448
778556
609275
352504
841187
726909
723973
78760
440274
968986
946191
470225
742706
811267
227155
278008
899262
35559
675012
54238
714971
402420
438046
23311
323141
51641
700200
702359
260444
848237
276681
249620
763909
560969
983236
990951
847678
652240
729682
6916
307074
909999
711195
762857
701653
143102
338768
280940
182637
663462
975592
940524
432509
971037
526388
522793
559135
631629
673185
975216
920476
273044
39946
56047
860827
330980
858360
743143
549413
356681
456247
925439
275217
279243
272661
334196
152017
212777
591034
477614
518935
935110
390559
776494
724197
160480
727405
191972
659952
351226
61682
952286
845168
93660
666882
191066
462471
258481
277224
442044
781067
266574
346248
116059
40370
328146
287186
248565
83353
551016
811045
305731
155505
359849
249470
273896
535366
689183
197339
109570
457837
379237
804592
207459
441098
954922
353157
224858
254075
80724
907754
884138
286309
671232
862744
468764
77593
41958
429040
838690
10718
770020
935215
714221
704757
798936
450844
267477
885950
60115
61577
633035
323184
597166
498053
370207
93345
220006
730099
591085
93553
356049
711350
149158
57350
449788
544072
953210
854065
561764
644586
252383
92655
694669
589110
147265
486540
775489
254736
779526
630434
719528
615163
885308
441216
830337
743367
251682
293862
782267
832232
948816
448620
307378
275811
837060
868993
53449
94049
565961
83025
525216
431846
191429
746688
771058
627867
923360
123988
63054
908103
682765
47983
700976
940508
193078
499065
726524
808814
670920
36380
926998
714174
702424
210985
426464
33077
113840
794776
879761
554988
248571
677612
928239
144360
619253
742569
106147
62398
303471
693203
915461
147293
340936
84670
475186
614572
693759
511859
608509
106565
279656
242636
758778
979001
304460
20528
271024
178849
193197
680489
31533
184130
266342
942308
642100
211100
841777
761988
674770
982287
554051
831906
564175
452907
694418
272165
16319
529427
287798
366651
948024
550156
689709
956849
645725
839975
799097
657845
112473
643273
12452
792165
187048
395476
184164
938195
690191
80820
199961
76056
536940
677832
453874
141778
635368
248042
580208
573307
589896
356893
277379
216039
849123
756434
218128
675866
406318
470231
922900
352835
755379
314397
717602
251993
141792
853156
3656
515153
579708
503045
458448
480505
553396
228187
660642
130804
223316
291343
938887
446610
100689
459775
934600
429707
483843
440971
994101
248857
792432
762940
546497
804783
855938
686224
293962
150681
891803
221798
360183
917617
359551
295810
935547
738363
499952
21886
57014
843870
699479
613902
792762
658176
504606
296046
638442
459900
590554
788330
664447
884739
243622
943817
908388
752140
378187
754391
905025
447673
23003
757774
485782
39112
839453
173025
815101
252402
121122
990308
105617
57123
235958
549659
835182
577687
114482
788893
161486
643214
499375
874852
531026
8491
815573
9332
100578
216943
939345
700966
848619
670476
109541
779857
36999
813673
236761
201171
675707
53682
525455
460609
384409
847832
989940
768233
352518
778476
428306
107968
587859
737667
787501
972627
239079
321153
720689
23709
544683
105304
190961
298411
592744
923708
356577
147823
710824
979895
626767
757080
142350
154938
951689
462449
699792
978389
594156
155239
36307
123586
956491
449767
757410
695836
853560
925862
623242
687533
411762
618938
236180
312676
120491
441766
632928
166566
533876
358323
650778
704635
234631
541881
759004
965289
269489
243453
853408
384798
328538
808948
403296
606854
334962
385958
574604
258749
402874
487022
154407
205790
934572
824030
542207
610170
591112
272127
297095
690021
812157
153909
408722
54250
691376
845761
746670
147614
898155
715169
224027
268754
471589
456274
680551
631202
974250
291573
172583
660970
157287
56591
834900
447513
836948
35115
464575
91933
623230
777754
473138
592446
581872
380315
53797
443527
288893
451797
621338
740830
625133
297345
761174
93109
816770
389668
613116
567065
532709
440890
829703
209512
250738
768239
121379
622943
645021
710918
421865
117521
226495
883101
638325
420212
873921
850951
295398
724758
705763
187737
20530
40173
272810
432001
81699
653963
27556
665999
418226
741040
495385
344983
404606
779450
843856
198831
913577
958967
992379
933588
387024
256539
758336
204777
918245
726413
101284
280927
478634
915739
848534
416816
925835
59983
820694
804996
191001
377305
471360
504759
970463
297131
451705
338738
905827
660708
271092
108214
442618
165796
723234
791863
624200
19902
992308
43813
59092
604683
533710
962501
356292
149851
383881
716670
910649
792583
281317
908016
641673
